452 68
916 1062
2616 1028
3056 311
691 874
2881 412
2177 1146
1676 202
1388 930
138 483
3588 40
18 669
3378 440
2667 258
2406 488
2336 515
188 1187
2351 276
3208 941
2148 806
626 815
1106 145
890 530
205 370
3185 855
1034 149
1214 153
1811 689
1310 1137
1731 529
2463 1016
1484 1075
1960 832
525 145
1571 355
25 981
3012 276
3406 1066
2956 892
2752 98
2425 701
3004 852
645 1103
2790 155
1574 1171
494 929
676 479
149 1011
3570 842
2861 270
3379 426
3541 999
3249 801
1407 588
1136 408
1417 565
940 695
2588 1025
1360 683
1679 784
757 272
1455 236
1616 439
1771 210
2535 1133
1529 292
2824 1015
2595 128
2402 246
424 1141
1742 599
2086 170
71 215
2676 601
479 377
1010 754
2942 1187
2390 423
2153 662
3117 546
